    11814 
    21849 
    17930 
    11718 
    12642 
    13168 
    12100 
    18507 
    18015 
    16852 
    11830 
    11607 
    12379 
    15324 
    11683 
    11933 
    11809 
    14446 
    22110 
    17538 
    11535 
    12448 
    11702 
    11835 
    12209 
    19776 
    20215 
    21507 
    11683 
    18947 
    19118 
    20945 
    18282 
    14624 
    11703 
    15324 
    20317 
    15384 
    27839 
    16588 
    11673 
    18433 
    12595 
    25228 
    20855 
    24160 
    27514 
    11988 
    19050 
    29605 
    17376 
    18947 
    15036 
    19268 
    17171 
    12304 
    11648 
    11736 
    11975 
    11728 
    18250 
    11799 
    18467 
    18522 
    15663 
    18959 
    21032 
    14756 
