     4049 
     3889 
     5923 
     5479 
     3922 
     3551 
     3225 
     3245 
     3663 
     3657 
     3967 
     3303 
     3293 
     3409 
     3543 
     3462 
     9687 
     7600 
     8775 
     4444 
     8343 
     4242 
     3420 
     4455 
     5392 
     9370 
     7338 
     8860 
     3498 
     3355 
     4327 
     3913 
     5829 
     3616 
     3457 
     7748 
     3410 
     6107 
     3491 
     3532 
     3328 
     3530 
     3655 
     3287 
     4043 
     3513 
     3445 
     3818 
     3676 
     8017 
     8252 
     5070 
     5347 
     4814 
     3869 
     4250 
     7213 
     3730 
     3743 
     3509 
