     9071 
    14366 
     9525 
     9616 
     9254 
     9967 
    13512 
     6432 
     9942 
     9892 
    17735 
     7205 
    11536 
     6833 
    12217 
     8113 
     6390 
     6367 
     6334 
     9391 
     7166 
    10725 
    12167 
     8087 
     8947 
     6395 
     8446 
     7920 
    12007 
     6883 
    14214 
     6343 
    13466 
     6192 
    10787 
     6196 
     7718 
     6837 
    12036 
    10615 
     6481 
     6275 
     6451 
     7585 
     6102 
     6107 
     6112 
     6701 
     6097 
    14655 
     6417 
    10121 
     6326 
     6855 
     6699 
    14942 
    13963 
     7146 
     8645 
     6181 
     6504 
     6390 
     6382 
     6088 
     6183 
     6905 
     6816 
    11330 
